<?xml version="1.0"?>
<opencv_storage>
<DAVIS346_00000965>
  <camera_matrix type_id="opencv-matrix">
    <rows>3</rows>
    <cols>3</cols>
    <dt>d</dt>
    <data>
      2.8106685225050887e+02 0.                     1.7291553563338425e+02 
      0.                     2.8064031908569706e+02 1.0533747049443163e+02 
      0.                     0.                     1.</data></camera_matrix>
  <distortion_coefficients type_id="opencv-matrix">
    <rows>5</rows>
    <cols>1</cols>
    <dt>d</dt>
    <data>
      -4.1544241030077256e-01 
      -1.1200303843122431e-01
      1.2921972767062976e-02 
      7.4645043427113211e-05
      1.2788701303713297e+00
    </data></distortion_coefficients>
  <image_width>346</image_width>
  <image_height>260</image_height></DAVIS346_00000965>
<use_fisheye_model>0</use_fisheye_model>
<type>camera</type>
<pattern_width>6</pattern_width>
<pattern_height>8</pattern_height>
<pattern_type>chessboard</pattern_type>
<board_width>7</board_width>
<board_height>9</board_height>
<square_size>2.4500000000000000e+01</square_size>
<calibration_error>5.0986462394380427e-01</calibration_error>
<calibration_time>"Mon Nov  6 20:40:08 2023"</calibration_time>
</opencv_storage>
